0160202868
0119673985
0117045377
0153934959
0156228807
0124364705
0121010253
0163359491
0199974166
0126530498
0110253222
0169314048
0115456352
0137194215
0195394859
0159277949
0187457414
0189613689
0169803668
0196247454
0148958947
0120009697
0185008375
0193667901
0110758416
0116648507
0127720125
0136384432
0126096944
0149854785
0175481706
0111701238
0114117294
0161343307
0193644527
0194197514
0132782568
0138196467
0125892677
0186351615
0143726109
0121473428
0117738851
0138795676
0141367670
0183356050
0170585282
0167732561
0159187821
0182940626
0177751522
0133132414
0144478020
0115954016
0161078962
0140468030
0121166625
0180652017
0133742921
0120841024
0170133853
0147634295
0187218669
0191895182
0175660149
0157920572
0164617109
0120840778
0174227808
0143191718
0147952351
0186706557
0192302884
0168857592
0123035977
0187399056
0188954166
0177997486
0144167765
0120830704
0125567774
0148605404
0127863448
0177307494
0112068560
0180312533
0184307461
0146906841
0136011608
0121626227
0133853439
0119900919
0119081690
0193923412
0147223380
0137808008
0137909353
0189681126
0147453749
0123239817
